24,5
24,4
24,3
24,2
24,1
24,0
23,3
23,2
23,1
23,0
22,3
22,2
22,1
22,0
21,3
21,2
21,1
21,0
20,7
20,6
20,5
20,4
20,3
20,2
20,1
20,0
19,5
19,4
19,3
19,2
19,1
19,0
18,190
18,189
18,129
18,128
18,101
18,100
18,99
18,98
18,97
18,96
18,95
18,94
18,93
18,92
18,91
18,90
18,89
18,88
18,87
18,86
18,85
18,84
18,83
18,82
18,81
18,80
18,79
18,78
18,77
18,76
18,75
18,74
18,73
18,72
18,71
18,70
18,69
18,68
18,67
18,66
18,65
18,64
18,63
18,62
18,61
18,60
18,59
18,58
18,57
18,56
18,55
18,54
18,53
18,52
18,51
18,50
18,49
18,48
18,47
18,46
18,45
18,44
18,43
18,42
18,41
18,40
18,39
18,38
18,37
18,36
18,35
18,34
18,33
18,32
18,31
18,30
18,29
18,28
18,27
18,26
18,25
18,24
18,23
18,22
18,21
18,20
18,19
18,18
18,17
18,16
18,15
18,14
18,13
18,12
18,11
18,10
18,9
18,8
18,7
18,6
18,5
18,4
18,3
18,2
18,1
18,0
14,4
14,3
14,2
14,1
14,0
13,3
13,2
13,1
13,0
11,4
11,3
11,2
11,1
11,0
7,6
7,5
7,4
7,3
7,2
7,1
7,0
5,4
5,3
5,2
5,1
5,0
4,3
2,3
2,2
2,0
1,3
0,243
0,9
0,1
0,300
0,299
0,298
0,297
0,296
0,295
0,294
0,293
0,292
0,291
0,290
0,289
0,288
0,287
0,286
0,285
0,284
0,283
0,282
0,281
0,280
0,279
0,278
0,277
0,276
0,275
0,274
0,273
0,272
0,271
0,270
0,269
0,268
0,267
0,266
0,265
0,264
0,263
0,262
0,261
0,260
0,259
0,258
0,257
0,256
0,255
0,254
0,253
0,252
0,251
0,250
0,249
0,248
0,247
0,246
0,245
0,244
0,242
0,241
0,240
0,239
0,238
0,237
0,236
0,235
0,234
0,233
0,232
0,231
0,230
0,229
0,228
0,227
0,226
0,225
0,224
0,223
0,222
0,221
0,220
0,219
0,218
0,217
0,216
0,215
0,214
0,213
0,212
0,211
0,210
0,209
0,208
0,207
0,206
0,205
0,204
0,203
0,202
0,201
0,200
0,199
0,198
0,197
0,196
0,195
0,194
0,193
0,192
0,63
0,62
0,61
0,60
0,59
0,58
0,57
0,56
0,55
0,54
0,53
0,52
0,51
0,50
0,49
0,48
0,47
0,46
0,45
0,6
0,0
0,5
0,304
0,303
0,306
0,305
0,302
0,12
0,10
0,8
0,11
0,2
0,4
0,3
0,7
